0 14
1 13
2 11
3 10
4 13
5 15
6 10
7 13
8 12
9 14
10 11
11 10
12 9
13 11
14 14
15 11
16 11
17 17
18 16
19 12
20 13
21 11
22 10
23 14
24 15
25 16
26 13
27 12
28 10
29 17
30 18
31 9
32 13
33 11
34 12
35 15
36 12
37 11
38 14
39 10
40 11
41 8
42 14
43 14
44 12
45 11
46 11
47 13
48 12
49 13
50 15
51 13
52 13
53 15
54 13
55 10
56 11
57 10
58 12
59 11
60 8
61 12
62 13
63 12
64 16
65 13
66 13
67 12
68 17
69 17
70 17
71 13
72 15
73 16
74 16
75 15
76 15
77 14
78 13
79 13
80 12
81 11
82 14
83 15
84 10
85 11
86 15
87 15
88 10
89 20
90 19
91 11
92 8
93 15
94 13
95 11
96 11
97 14
98 11
99 13
100 10
101 7
102 9
103 15
104 13
105 11
106 12
107 13
108 15
109 14
110 14
111 14
112 14
113 16
114 14
115 13
116 11
117 15
118 17
119 15
120 15
121 13
122 16
123 7
124 14
125 14
126 13
127 12
128 12
129 16
130 17
131 14
132 8
133 14
134 15
135 11
136 14
137 9
138 13
139 12
140 13
141 12
142 11
143 9
144 12
145 15
146 14
147 14
148 10
149 12
150 15
151 10
152 12
153 14
154 9
155 11
156 13
157 13
158 9
159 10
160 11
161 15
162 14
163 13
164 14
165 13
166 12
167 13
168 14
169 14
170 15
171 17
172 8
173 14
174 13
175 13
176 14
177 11
178 13
179 17
180 14
181 14
182 12
183 12
184 13
185 12
186 16
187 12
188 14
189 12
190 13
191 18
192 13
193 12
194 11
195 15
196 11
197 12
198 12
199 13
200 12
201 15
202 13
203 15
204 12
205 17
206 13
207 11
208 17
209 13
210 19
211 17
212 16
213 13
214 9
215 12
216 11
217 9
218 13
219 12
220 12
221 16
222 12
223 14
224 14
225 8
226 16
227 13
228 13
229 8
230 10
231 15
232 16
233 16
234 18
235 15
236 15
237 13
238 9
239 20
240 13
241 15
242 13
243 12
244 13
245 12
246 15
247 14
248 12
249 12
250 12
251 13
252 13
253 11
254 10
255 10
256 10
257 15
258 10
259 16
260 10
261 11
262 10
263 20
264 13
265 12
266 14
267 17
268 16
269 15
270 18
271 13
272 14
273 11
274 14
275 15
276 16
277 16
278 13
279 19
280 17
281 15
282 9
283 10
284 13
285 7
286 14
287 12
288 11
289 10
290 15
291 14
292 15
293 14
294 16
295 8
296 13
297 14
298 11
299 12
300 15
301 13
302 18
303 13
304 14
305 11
306 12
307 11
308 13
309 10
310 13
311 10
312 14
313 10
314 10
315 9
316 15
317 12
318 15
319 11
320 13
321 16
322 13
323 13
324 14
325 12
326 13
327 14
328 13
329 16
330 12
331 10
332 18
333 12
334 8
335 12
336 10
337 13
338 12
339 12
340 13
341 16
342 8
343 8
344 14
345 13
346 9
347 11
348 7
349 13
350 12
351 12
352 15
353 10
354 8
355 13
356 14
357 14
358 12
359 12
360 14
361 12
362 8
363 10
364 12
365 13
366 14
367 18
368 11
369 13
370 11
371 11
372 14
373 11
374 14
375 14
376 12
377 10
378 13
379 15
380 10
381 15
382 5
383 9
384 17
385 11
386 14
387 14
388 13
389 12
390 17
391 16
392 11
393 9
394 13
395 13
396 12
397 13
398 13
399 10
400 11
401 15
402 14
403 15
404 16
405 13
406 14
407 7
408 13
409 14
410 12
411 12
412 13
413 11
414 12
415 13
416 9
417 14
418 12
419 14
420 12
421 15
422 15
423 11
424 14
425 12
426 14
427 9
428 8
429 9
430 14
431 13
432 15
433 15
434 12
435 12
436 14
437 13
438 15
439 10
440 11
441 15
442 9
443 11
444 14
445 13
446 13
447 13
448 11
449 11
450 12
451 13
452 18
453 14
454 10
455 14
456 10
457 13
458 11
459 10
460 9
461 12
462 14
463 13
464 13
465 10
466 16
467 9
468 14
469 11
470 16
471 10
472 16
473 13
474 14
475 11
476 10
477 12
478 11
479 12
480 15
481 14
482 11
483 11
484 15
485 13
486 12
487 11
488 13
489 14
490 16
491 13
492 14
493 13
494 13
495 11
496 11
497 12
498 16
499 13
500 15
501 15
502 10
503 11
504 11
505 12
506 12
507 11
508 13
509 15
510 10
511 16
512 15
513 10
514 12
515 13
516 14
517 12
518 14
519 13
520 15
521 7
522 10
523 12
524 13
525 15
526 12
527 13
528 15
529 14
530 12
531 10
532 14
533 13
534 13
535 15
536 16
537 16
538 10
539 15
540 14
541 11
542 11
543 16
544 13
545 12
546 10
547 13
548 10
549 11
550 14
551 10
552 14
553 14
554 14
555 14
556 15
557 11
558 16
559 15
560 16
561 11
562 15
563 12
564 14
565 14
566 13
567 15
568 8
569 16
570 13
571 12
572 16
573 15
574 13
575 13
576 8
577 9
578 9
579 14
580 12
581 13
582 15
583 9
584 17
585 13
586 17
587 13
588 16
589 15
590 10
591 10
592 11
593 13
594 14
595 12
596 11
597 14
598 20
599 7
600 14
601 16
602 15
603 14
604 15
605 10
606 11
607 10
608 12
609 14
610 12
611 14
612 12
613 8
614 10
615 10
616 13
617 12
618 11
619 13
620 14
621 13
622 15
623 14
624 16
625 8
626 9
627 13
628 11
629 19
630 17
631 17
632 17
633 11
634 12
635 12
636 14
637 15
638 9
639 13
640 12
641 15
642 14
643 10
644 14
645 14
646 12
647 13
648 14
649 11
650 14
651 10
652 12
653 11
654 13
655 11
656 13
657 13
658 10
659 14
660 11
661 16
662 15
663 16
664 14
665 16
666 14
667 14
668 11
669 11
670 13
671 12
672 4
673 12
674 11
675 12
676 12
677 11
678 16
679 15
680 12
681 15
682 6
683 7
684 14
685 7
686 15
687 8
688 11
689 13
690 9
691 19
692 14
693 12
694 15
695 12
696 10
697 12
698 11
699 10
700 14
701 10
702 13
703 10
704 14
705 14
706 10
707 12
708 13
709 8
710 14
711 10
712 13
713 13
714 9
715 16
716 12
717 14
718 16
719 12
720 10
721 13
722 7
723 13
724 20
725 13
726 9
727 10
728 9
729 12
730 16
731 11
732 13
733 15
734 16
735 12
736 12
737 15
738 14
739 7
740 14
741 14
742 11
743 12
744 17
745 9
746 12
747 13
748 14
749 17
750 14
751 16
752 11
753 15
754 13
755 11
756 14
757 9
758 13
759 14
760 14
761 13
762 10
763 14
764 15
765 16
766 16
767 15
768 11
769 12
770 9
771 16
772 16
773 17
774 20
775 13
776 11
777 16
778 16
779 13
780 14
781 12
782 16
783 9
784 16
785 13
786 15
787 12
788 7
789 12
790 9
791 11
792 16
793 13
794 12
795 12
796 10
797 12
798 12
799 14
800 12
801 17
802 14
803 13
804 13
805 13
806 15
807 8
808 9
809 15
810 14
811 13
812 13
813 16
814 11
815 18
816 9
817 11
818 11
819 13
820 17
821 15
822 15
823 15
824 12
825 12
826 9
827 15
828 11
829 13
830 16
831 9
832 15
833 12
834 10
835 18
836 11
837 16
838 12
839 6
840 11
841 13
842 11
843 8
844 11
845 13
846 13
847 11
848 13
849 12
850 13
851 10
852 13
853 13
854 11
855 12
856 14
857 14
858 11
859 15
860 15
861 10
862 14
863 10
864 14
865 12
866 13
867 17
868 16
869 12
870 13
871 12
872 9
873 11
874 8
875 11
876 13
877 12
878 11
879 14
880 12
881 12
882 18
883 12
884 15
885 11
886 14
887 16
888 14
889 11
890 16
891 15
892 15
893 11
894 11
895 17
896 13
897 12
898 17
899 17
900 7
901 12
902 14
903 16
904 10
905 15
906 19
907 13
908 16
909 12
910 11
911 16
912 13
913 16
914 15
915 12
916 13
917 10
918 12
919 14
920 14
921 13
922 14
923 12
924 12
925 14
926 17
927 14
928 15
929 10
930 10
931 15
932 12
933 12
934 11
935 12
936 14
937 10
938 17
939 13
940 15
941 17
942 17
943 13
944 13
945 12
946 11
947 14
948 11
949 16
950 11
951 15
952 18
953 15
954 8
955 9
956 14
957 8
958 13
959 14
960 10
961 13
962 9
963 12
964 15
965 15
966 15
967 15
968 12
969 18
970 13
971 12
972 15
973 13
974 13
975 14
976 10
977 15
978 8
979 16
980 9
981 15
982 11
983 9
984 17
985 12
986 9
987 18
988 14
989 11
990 14
991 10
992 15
993 16
994 10
995 15
996 9
997 13
998 13
999 12
1000 11
1001 14
1002 14
1003 11
1004 14
1005 11
1006 11
1007 14
1008 14
1009 16
1010 18
1011 12
1012 16
1013 16
1014 12
1015 19
1016 13
1017 17
1018 15
1019 10
1020 15
1021 14
1022 15
1023 15
1024 12
1025 12
1026 14
1027 12
1028 16
1029 16
1030 12
1031 15
1032 11
1033 12
1034 15
1035 13
1036 11
1037 12
1038 13
1039 11
1040 12
1041 14
1042 13
1043 15
1044 12
1045 16
1046 9
1047 12
1048 11
1049 10
1050 12
1051 13
1052 15
1053 12
1054 15
1055 10
1056 11
1057 14
1058 13
1059 15
1060 12
1061 11
1062 11
1063 14
1064 11
1065 14
1066 8
1067 16
1068 14
1069 12
1070 10
1071 9
1072 11
1073 16
1074 13
1075 12
1076 12
1077 13
1078 10
1079 15
1080 14
1081 16
1082 14
1083 14
1084 13
1085 13
1086 13
1087 14
1088 12
1089 14
1090 14
1091 11
1092 12
1093 11
1094 11
1095 15
1096 14
1097 9
1098 14
1099 12
1100 17
1101 14
1102 14
1103 15
1104 10
1105 11
1106 17
1107 13
1108 18
1109 16
1110 17
1111 8
1112 15
1113 12
1114 11
1115 11
1116 11
1117 13
1118 14
1119 18
1120 12
1121 13
1122 10
1123 10
1124 12
1125 15
1126 15
1127 13
1128 12
1129 19
1130 13
1131 13
1132 8
1133 12
1134 14
1135 14
1136 13
1137 10
1138 12
1139 12
1140 13
1141 16
1142 13
1143 14
1144 16
1145 17
1146 11
1147 14
1148 17
1149 14
1150 12
1151 7
1152 11
1153 10
1154 8
1155 13
1156 13
1157 11
1158 11
1159 17
1160 16
1161 9
1162 11
1163 9
1164 8
1165 17
1166 12
1167 11
1168 10
1169 10
1170 14
1171 15
1172 17
1173 16
1174 12
1175 13
1176 15
1177 13
1178 17
1179 17
1180 12
1181 12
1182 12
1183 14
1184 13
1185 14
1186 16
1187 9
1188 10
1189 15
1190 14
1191 11
1192 14
1193 12
1194 13
1195 13
1196 12
1197 17
1198 13
1199 12
1200 10
1201 15
1202 11
1203 12
1204 10
1205 10
1206 15
1207 11
1208 8
1209 17
1210 10
1211 16
1212 13
1213 13
1214 10
1215 17
1216 12
1217 13
1218 10
1219 13
1220 11
1221 13
1222 13
1223 14
1224 14
1225 15
1226 8
1227 13
1228 11
1229 9
1230 13
1231 10
1232 14
1233 18
1234 11
1235 10
1236 12
1237 13
1238 12
1239 9
1240 15
1241 12
1242 17
1243 17
1244 12
1245 12
1246 15
1247 14
1248 7
1249 13
1250 10
1251 14
1252 11
1253 15
1254 13
1255 16
1256 12
1257 12
1258 13
1259 11
1260 10
1261 11
1262 12
1263 13
1264 13
1265 16
1266 14
1267 11
1268 12
1269 10
1270 16
1271 12
1272 17
1273 11
1274 14
1275 11
1276 13
1277 12
1278 9
1279 16
1280 10
1281 12
1282 10
1283 13
1284 13
1285 14
1286 13
1287 13
1288 12
1289 17
1290 17
1291 11
1292 16
1293 12
1294 7
1295 11
1296 11
1297 15
1298 11
1299 10
1300 16
1301 15
1302 11
1303 8
1304 18
1305 14
1306 17
1307 16
1308 15
1309 16
1310 11
1311 15
1312 11
1313 14
1314 14
1315 12
1316 17
1317 10
1318 11
1319 15
1320 11
1321 12
1322 12
1323 12
1324 17
1325 15
1326 16
1327 13
1328 14
1329 13
1330 12
1331 17
1332 16
1333 15
1334 14
1335 15
1336 15
1337 16
1338 10
1339 15
1340 13
1341 17
1342 16
1343 14
1344 15
1345 12
1346 15
1347 12
1348 11
1349 16
1350 13
1351 13
1352 10
1353 12
1354 16
1355 9
1356 13
1357 15
1358 11
1359 10
1360 12
1361 13
1362 15
1363 13
1364 15
1365 11
1366 11
1367 11
1368 13
1369 16
1370 15
1371 9
1372 8
1373 12
1374 17
1375 14
1376 12
1377 14
1378 14
1379 8
1380 8
1381 11
1382 9
1383 12
1384 14
1385 12
1386 12
1387 13
1388 13
1389 14
1390 14
1391 13
1392 13
1393 9
1394 16
1395 11
1396 14
1397 15
1398 14
1399 11
1400 12
1401 11
1402 14
1403 10
1404 12
1405 14
1406 9
1407 11
1408 16
1409 14
1410 13
1411 15
1412 15
1413 14
1414 17
1415 13
1416 15
1417 15
1418 11
1419 14
1420 10
1421 10
1422 12
1423 11
1424 12
1425 9
1426 15
1427 12
1428 12
1429 16
1430 17
1431 13
1432 9
1433 9
1434 11
1435 12
1436 11
1437 10
1438 13
1439 14
1440 15
1441 11
1442 13
1443 16
1444 13
1445 15
1446 10
1447 12
1448 15
1449 14
1450 15
1451 14
1452 16
1453 14
1454 12
1455 12
1456 11
1457 12
1458 9
1459 16
1460 13
1461 9
1462 12
1463 11
1464 16
1465 17
1466 13
1467 17
1468 15
1469 15
1470 12
1471 11
1472 11
1473 10
1474 12
1475 14
1476 13
1477 14
1478 13
1479 10
1480 14
1481 15
1482 16
1483 16
1484 19
1485 16
1486 13
1487 14
1488 11
1489 11
1490 15
1491 12
1492 12
1493 8
1494 12
1495 12
1496 13
1497 10
1498 16
1499 19
1500 15
1501 13
1502 10
1503 16
1504 12
1505 13
1506 12
1507 11
1508 14
1509 13
1510 13
1511 13
1512 12
1513 16
1514 18
1515 11
1516 12
1517 12
1518 13
1519 9
1520 10
1521 18
1522 13
1523 14
1524 16
1525 16
1526 15
1527 12
1528 13
1529 14
1530 13
1531 22
1532 14
1533 13
1534 12
1535 11
1536 12
1537 9
1538 12
1539 18
1540 14
1541 11
1542 11
1543 15
1544 16
1545 15
1546 10
1547 16
1548 9
1549 15
1550 14
1551 12
1552 14
1553 15
1554 10
1555 14
1556 4
1557 15
1558 12
1559 15
1560 12
1561 18
1562 14
1563 16
1564 10
1565 12
1566 13
1567 15
1568 15
1569 16
1570 14
1571 16
1572 14
1573 10
1574 14
1575 10
1576 13
1577 14
1578 12
1579 16
1580 11
1581 17
1582 6
1583 8
1584 16
1585 14
1586 13
1587 15
1588 15
1589 12
1590 17
1591 7
1592 14
1593 11
1594 15
1595 14
1596 11
1597 7
1598 13
1599 13
1600 9
1601 15
1602 9
1603 12
1604 15
1605 16
1606 15
1607 11
1608 14
1609 12
1610 21
1611 8
1612 17
1613 12
1614 12
1615 11
1616 12
1617 12
1618 10
1619 15
1620 12
1621 17
1622 10
1623 16
1624 12
1625 13
1626 14
1627 16
1628 17
1629 15
1630 16
1631 16
1632 15
1633 17
1634 14
1635 16
1636 11
1637 14
1638 8
1639 12
1640 11
1641 12
1642 11
1643 13
1644 10
1645 11
1646 12
1647 15
1648 17
1649 15
1650 13
1651 17
1652 11
1653 14
1654 10
1655 15
1656 12
1657 10
1658 13
1659 16
1660 8
1661 12
1662 12
1663 15
1664 19
1665 16
1666 13
1667 7
1668 12
1669 13
1670 15
1671 11
1672 11
1673 13
1674 14
1675 12
1676 11
1677 13
1678 14
1679 16
1680 12
1681 11
1682 12
1683 8
1684 15
1685 13
1686 16
1687 17
1688 16
1689 15
1690 11
1691 16
1692 13
1693 12
1694 8
1695 11
1696 15
1697 11
1698 11
1699 12
1700 11
1701 14
1702 15
1703 14
1704 11
1705 12
1706 16
1707 15
1708 11
1709 11
1710 13
1711 11
1712 15
1713 12
1714 10
1715 10
1716 16
1717 16
1718 18
1719 15
1720 15
1721 9
1722 8
1723 18
1724 16
1725 16
1726 15
1727 11
1728 11
1729 15
1730 11
1731 11
1732 14
1733 16
1734 10
1735 16
1736 11
1737 7
1738 12
1739 12
1740 13
1741 12
1742 11
1743 16
1744 8
1745 11
1746 12
1747 14
1748 12
1749 15
1750 14
1751 15
1752 15
1753 13
1754 14
1755 16
1756 11
1757 8
1758 11
1759 12
1760 19
1761 12
1762 7
1763 16
1764 11
1765 14
1766 11
1767 11
1768 14
1769 9
1770 14
1771 10
1772 10
1773 16
1774 12
1775 11
1776 15
1777 16
1778 12
1779 14
1780 13
1781 10
1782 20
1783 11
1784 11
1785 15
1786 10
1787 15
1788 12
1789 15
1790 12
1791 15
1792 18
1793 10
1794 15
1795 15
1796 11
1797 11
1798 14
1799 9
1800 17
1801 16
1802 14
1803 11
1804 8
1805 12
1806 15
1807 12
1808 12
1809 13
1810 12
1811 18
1812 16
1813 11
1814 15
1815 15
1816 13
1817 12
1818 14
1819 11
1820 12
1821 14
1822 11
1823 14
1824 16
1825 13
1826 14
1827 11
1828 11
1829 12
1830 9
1831 12
1832 11
1833 11
1834 6
1835 13
1836 15
1837 13
1838 10
1839 11
1840 16
1841 14
1842 13
1843 15
1844 17
1845 16
1846 14
1847 15
1848 15
1849 17
1850 10
1851 15
1852 9
1853 12
1854 13
1855 14
1856 13
1857 9
1858 19
1859 13
1860 17
1861 12
1862 11
1863 9
1864 15
1865 15
1866 12
1867 14
1868 16
1869 13
1870 11
1871 16
1872 15
1873 15
1874 12
1875 10
1876 12
1877 9
1878 13
1879 12
1880 13
1881 12
1882 12
1883 12
1884 15
1885 12
1886 17
1887 15
1888 12
1889 16
1890 9
1891 14
1892 10
1893 15
1894 15
1895 11
1896 9
1897 9
1898 12
1899 15
1900 15
1901 10
1902 13
1903 12
1904 13
1905 16
1906 13
1907 11
1908 19
1909 16
1910 15
1911 13
1912 15
1913 13
1914 16
1915 16
1916 14
1917 8
1918 16
1919 9
1920 14
1921 12
1922 12
1923 14
1924 10
1925 9
1926 11
1927 14
1928 10
1929 10
1930 14
1931 10
1932 11
1933 14
1934 13
1935 13
1936 11
1937 15
1938 13
1939 10
1940 14
1941 15
1942 14
1943 17
1944 14
1945 14
1946 14
1947 14
1948 16
1949 11
1950 16
1951 12
1952 11
1953 14
1954 16
1955 18
1956 9
1957 11
1958 13
1959 11
1960 15
1961 16
1962 13
1963 12
1964 10
1965 13
1966 11
1967 15
1968 15
1969 15
1970 18
1971 11
1972 10
1973 12
1974 14
1975 10
1976 8
1977 17
1978 9
1979 6
1980 18
1981 13
1982 9
1983 16
1984 10
1985 13
1986 15
1987 9
1988 12
1989 8
1990 13
1991 15
1992 13
1993 10
1994 14
1995 15
1996 11
1997 14
1998 11
1999 12
2000 9
2001 13
2002 8
2003 10
2004 14
2005 10
2006 11
2007 12
2008 12
2009 15
2010 16
2011 12
2012 14
2013 10
2014 12
2015 10
2016 13
2017 14
2018 17
2019 13
2020 15
2021 11
2022 15
2023 14
2024 13
2025 16
2026 13
2027 12
2028 15
2029 11
2030 13
2031 12
2032 16
2033 15
2034 9
2035 12
2036 12
2037 13
2038 16
2039 16
2040 7
2041 14
2042 16
2043 11
2044 15
2045 15
2046 9
2047 16
2048 12
2049 13
2050 15
2051 16
2052 13
2053 12
2054 15
2055 14
2056 9
2057 16
2058 14
2059 13
2060 15
2061 13
2062 11
2063 12
2064 12
2065 14
2066 15
2067 15
2068 10
2069 8
2070 13
2071 19
2072 15
2073 10
2074 14
2075 14
2076 11
2077 15
2078 16
2079 10
2080 13
2081 13
2082 10
2083 13
2084 13
2085 13
2086 14
2087 15
2088 13
2089 9
2090 9
2091 13
2092 16
2093 17
2094 11
2095 11
2096 17
2097 11
2098 14
2099 16
2100 10
2101 17
2102 15
2103 17
2104 15
2105 18
2106 16
2107 16
2108 12
2109 12
2110 12
2111 13
2112 17
2113 12
2114 9
2115 15
2116 11
2117 11
2118 14
2119 12
2120 13
2121 11
2122 17
2123 9
2124 16
2125 11
2126 14
2127 14
2128 15
2129 13
2130 16
2131 15
2132 16
2133 8
2134 13
2135 10
2136 13
2137 14
2138 10
2139 13
2140 13
2141 14
2142 15
2143 14
2144 18
2145 14
2146 15
2147 14
2148 17
2149 11
2150 9
2151 13
2152 13
2153 15
2154 13
2155 15
2156 14
2157 14
2158 10
2159 12
2160 15
2161 9
2162 12
2163 18
2164 13
2165 13
2166 13
2167 13
2168 12
2169 16
2170 11
2171 15
2172 7
2173 10
2174 12
2175 10
2176 14
2177 11
2178 14
2179 14
2180 11
2181 13
2182 10
2183 12
2184 15
2185 8
2186 14
2187 18
2188 17
2189 11
2190 12
2191 5
2192 12
2193 14
2194 11
2195 14
2196 10
2197 12
2198 11
2199 12
2200 8
2201 8
2202 13
2203 11
2204 15
2205 11
2206 8
2207 16
2208 12
2209 7
2210 13
2211 15
2212 18
2213 12
2214 16
2215 10
2216 9
2217 13
2218 11
2219 11
2220 12
2221 12
2222 12
2223 13
2224 11
2225 10
2226 15
2227 12
2228 15
2229 9
2230 10
2231 12
2232 12
2233 16
2234 13
2235 15
2236 16
2237 16
2238 9
2239 12
2240 17
2241 15
2242 15
2243 18
2244 16
2245 14
2246 13
2247 14
2248 13
2249 15
2250 11
2251 13
2252 16
2253 15
2254 12
2255 14
2256 12
2257 9
2258 13
2259 15
2260 16
2261 13
2262 12
2263 15
2264 10
2265 11
2266 9
2267 9
2268 11
2269 17
2270 14
2271 15
2272 12
2273 10
2274 15
2275 11
2276 14
2277 12
2278 14
2279 11
2280 13
2281 15
2282 13
2283 9
2284 13
2285 12
2286 12
2287 13
2288 10
2289 12
2290 11
2291 10
2292 13
2293 13
2294 15
2295 14
2296 14
2297 13
2298 12
2299 18
2300 14
2301 11
2302 8
2303 10
2304 15
2305 13
2306 14
2307 11
2308 10
2309 8
2310 7
2311 14
2312 7
2313 15
2314 14
2315 12
2316 16
2317 13
2318 16
2319 7
2320 15
2321 9
2322 14
2323 7
2324 7
2325 13
2326 11
2327 11
2328 14
2329 14
2330 10
2331 12
2332 14
2333 13
2334 13
2335 13
2336 13
2337 9
2338 11
2339 16
2340 9
2341 15
2342 12
2343 11
2344 15
2345 12
2346 15
2347 16
2348 15
2349 15
2350 11
2351 12
2352 12
2353 10
2354 12
2355 13
2356 11
2357 10
2358 14
2359 13
2360 13
2361 13
2362 9
2363 14
2364 16
2365 14
2366 12
2367 13
2368 14
2369 13
2370 13
2371 12
2372 13
2373 11
2374 16
2375 12
2376 11
2377 14
2378 16
2379 15
2380 14
2381 13
2382 9
2383 11
2384 12
2385 13
2386 9
2387 10
2388 11
2389 11
2390 16
2391 12
2392 15
2393 12
2394 15
2395 14
2396 14
2397 12
2398 15
2399 12
2400 12
2401 13
2402 16
2403 10
2404 16
2405 10
2406 11
2407 7
2408 10
2409 9
2410 15
2411 10
2412 11
2413 11
2414 14
2415 12
2416 17
2417 10
2418 12
2419 13
2420 13
2421 11
2422 9
2423 13
2424 14
2425 12
2426 15
2427 15
2428 13
2429 14
2430 15
2431 14
2432 12
2433 13
2434 11
2435 18
2436 8
2437 14
2438 13
2439 11
2440 11
2441 15
2442 11
2443 12
2444 17
2445 15
2446 12
2447 16
2448 12
2449 13
2450 12
2451 13
2452 13
2453 14
2454 16
2455 13
2456 7
2457 13
2458 11
2459 14
2460 11
2461 14
2462 17
2463 9
2464 11
2465 16
2466 11
2467 16
2468 10
2469 12
2470 14
2471 16
2472 15
2473 12
2474 17
2475 12
2476 11
2477 12
2478 13
2479 10
2480 11
2481 14
2482 11
2483 16
2484 16
2485 14
2486 12
2487 11
2488 12
2489 13
2490 9
2491 14
2492 15
2493 13
2494 10
2495 14
2496 12
2497 10
2498 13
2499 13
2500 14
2501 10
2502 15
2503 12
2504 14
2505 14
2506 15
2507 12
2508 13
2509 16
2510 17
2511 12
2512 13
2513 13
2514 11
2515 16
2516 13
2517 8
2518 13
2519 11
2520 18
2521 14
2522 13
2523 14
2524 12
2525 14
2526 12
2527 14
2528 14
2529 12
2530 13
2531 12
2532 15
2533 11
2534 14
2535 13
2536 15
2537 14
2538 14
2539 9
2540 13
2541 11
2542 16
2543 14
2544 8
2545 15
2546 14
2547 12
2548 13
2549 14
2550 15
2551 15
2552 13
2553 16
2554 15
2555 10
2556 11
2557 10
2558 10
2559 12
2560 8
2561 14
2562 10
2563 9
2564 12
2565 13
2566 14
2567 11
2568 13
2569 12
2570 13
2571 11
2572 16
2573 12
2574 7
2575 13
2576 16
2577 11
2578 7
2579 13
2580 12
2581 10
2582 13
2583 16
2584 9
2585 13
2586 17
2587 13
2588 13
2589 15
2590 17
2591 11
2592 14
2593 12
2594 13
2595 15
2596 13
2597 14
2598 15
2599 11
2600 15
2601 8
2602 11
2603 13
2604 11
2605 16
2606 17
2607 16
2608 13
2609 18
2610 16
2611 14
2612 12
2613 14
2614 14
2615 14
2616 13
2617 11
2618 12
2619 14
2620 10
2621 12
2622 15
2623 12
2624 10
2625 13
2626 16
2627 13
2628 14
2629 14
2630 14
2631 12
2632 13
2633 14
2634 13
2635 17
2636 12
2637 13
2638 12
2639 10
2640 13
2641 11
2642 11
2643 11
2644 11
2645 10
2646 14
2647 15
2648 15
2649 16
2650 14
2651 15
2652 11
2653 11
2654 9
2655 9
2656 13
2657 12
2658 13
2659 11
2660 14
2661 13
2662 14
2663 13
2664 12
2665 9
2666 12
2667 12
2668 12
2669 10
2670 13
2671 14
2672 16
2673 17
2674 17
2675 15
2676 13
2677 16
2678 14
2679 10
2680 15
2681 18
2682 11
2683 12
2684 14
2685 12
2686 17
2687 13
2688 10
2689 17
2690 13
2691 11
2692 18
2693 12
2694 10
2695 12
2696 13
2697 11
2698 9
2699 13
2700 13
2701 18
2702 14
2703 16
2704 13
2705 15
2706 14
2707 16
2708 12
2709 15
2710 13
2711 12
2712 14
2713 10
2714 10
2715 14
2716 12
2717 6
2718 12
2719 8
2720 13
2721 12
2722 11
2723 14
2724 15
2725 12
2726 13
2727 8
2728 15
2729 13
2730 12
2731 12
2732 13
2733 14
2734 13
2735 13
2736 19
2737 17
2738 10
2739 16
2740 14
2741 16
2742 19
2743 11
2744 14
2745 15
2746 11
2747 14
2748 15
2749 9
2750 18
2751 14
2752 13
2753 7
2754 14
2755 13
2756 13
2757 9
2758 14
2759 13
2760 12
2761 11
2762 11
2763 12
2764 15
2765 10
2766 18
2767 17
2768 13
2769 13
2770 15
2771 16
2772 16
2773 12
2774 12
2775 14
2776 14
2777 10
2778 11
2779 11
2780 15
2781 10
2782 14
2783 13
2784 17
2785 8
2786 13
2787 16
2788 15
2789 15
2790 12
2791 15
2792 11
2793 10
2794 12
2795 16
2796 9
2797 16
2798 13
2799 18
2800 11
2801 14
2802 14
2803 16
2804 18
2805 10
2806 13
2807 12
2808 16
2809 10
2810 16
2811 14
2812 12
2813 16
2814 22
2815 14
2816 11
2817 15
2818 15
2819 11
2820 17
2821 14
2822 15
2823 14
2824 13
2825 14
2826 11
2827 12
2828 17
2829 16
2830 12
2831 10
2832 14
2833 18
2834 12
2835 16
2836 17
2837 11
2838 14
2839 13
2840 16
2841 10
2842 9
2843 12
2844 11
2845 16
2846 9
2847 15
2848 14
2849 13
2850 15
2851 11
2852 11
2853 10
2854 9
2855 10
2856 14
2857 14
2858 12
2859 15
2860 13
2861 13
2862 12
2863 11
2864 13
2865 15
2866 12
2867 13
2868 9
2869 15
2870 11
2871 15
2872 17
2873 15
2874 12
2875 11
2876 9
2877 14
2878 8
2879 14
2880 13
2881 13
2882 11
2883 11
2884 11
2885 13
2886 13
2887 12
2888 18
2889 17
2890 11
2891 10
2892 11
2893 13
2894 13
2895 11
2896 17
2897 18
2898 8
2899 15
2900 14
2901 13
2902 14
2903 15
2904 14
2905 12
2906 9
2907 9
2908 12
2909 10
2910 9
2911 11
2912 11
2913 13
2914 15
2915 15
2916 17
2917 15
2918 19
2919 16
2920 15
2921 11
2922 16
2923 9
2924 15
2925 14
2926 13
2927 12
2928 11
2929 12
2930 14
2931 13
2932 9
2933 12
2934 13
2935 19
2936 14
2937 15
2938 11
2939 14
2940 14
2941 14
2942 12
2943 13
2944 13
2945 14
2946 13
2947 13
2948 11
2949 9
2950 14
2951 14
2952 14
2953 11
2954 8
2955 12
2956 14
2957 11
2958 12
2959 12
2960 13
2961 12
2962 13
2963 20
2964 14
2965 11
2966 13
2967 16
2968 13
2969 18
2970 14
2971 14
2972 10
2973 10
2974 9
2975 14
2976 10
2977 17
2978 14
2979 12
2980 10
2981 10
2982 16
2983 12
2984 15
2985 5
2986 9
2987 16
2988 16
2989 11
2990 14
2991 15
2992 14
2993 16
2994 14
2995 12
2996 10
2997 15
2998 16
2999 15
3000 13
3001 13
3002 14
3003 13
3004 13
3005 12
3006 12
3007 10
3008 18
3009 15
3010 16
3011 10
3012 14
3013 14
3014 9
3015 14
3016 11
3017 12
3018 12
3019 11
3020 16
3021 11
3022 13
3023 11
3024 13
3025 14
3026 12
3027 9
3028 17
3029 10
3030 8
3031 14
3032 15
3033 13
3034 10
3035 14
3036 15
3037 13
3038 12
3039 15
3040 13
3041 13
3042 14
3043 16
3044 15
3045 12
3046 11
3047 13
3048 17
3049 12
3050 17
3051 9
3052 16
3053 14
3054 17
3055 14
3056 7
3057 14
3058 17
3059 11
3060 13
3061 14
3062 14
3063 7
3064 15
3065 10
3066 13
3067 16
3068 17
3069 13
3070 9
3071 13
3072 11
3073 15
3074 15
3075 16
3076 10
3077 13
3078 8
3079 9
3080 12
3081 10
3082 15
3083 13
3084 11
3085 8
3086 11
3087 14
3088 14
3089 9
3090 15
3091 18
3092 14
3093 14
3094 15
3095 14
3096 6
3097 8
3098 10
3099 13
3100 10
3101 14
3102 12
3103 14
3104 17
3105 10
3106 14
3107 13
3108 15
3109 12
3110 17
3111 14
3112 12
3113 8
3114 16
3115 18
3116 16
3117 11
3118 7
3119 11
3120 12
3121 12
3122 15
3123 18
3124 13
3125 11
3126 10
3127 14
3128 15
3129 15
3130 12
3131 12
3132 15
3133 11
3134 10
3135 13
3136 10
3137 10
3138 18
3139 16
3140 14
3141 15
3142 10
3143 9
3144 11
3145 14
3146 9
3147 14
3148 13
3149 13
3150 13
3151 11
3152 14
3153 8
3154 11
3155 12
3156 10
3157 14
3158 15
3159 14
3160 13
3161 9
3162 14
3163 15
3164 15
3165 14
3166 14
3167 16
3168 9
3169 15
3170 14
3171 11
3172 12
3173 12
3174 10
3175 13
3176 12
3177 11
3178 16
3179 15
3180 11
3181 14
3182 14
3183 14
3184 15
3185 16
3186 15
3187 16
3188 15
3189 13
3190 11
3191 12
3192 11
3193 12
3194 15
3195 10
3196 13
3197 12
3198 16
3199 15
3200 10
3201 13
3202 12
3203 10
3204 12
3205 7
3206 12
3207 7
3208 15
3209 11
3210 7
3211 14
3212 12
3213 15
3214 16
3215 12
3216 14
3217 12
3218 13
3219 16
3220 15
3221 14
3222 12
3223 16
3224 12
3225 13
3226 13
3227 9
3228 15
3229 16
3230 12
3231 14
3232 13
3233 11
3234 11
3235 13
3236 10
3237 10
3238 13
3239 15
3240 12
3241 12
3242 13
3243 10
3244 15
3245 12
3246 11
3247 15
3248 13
3249 15
3250 10
3251 12
3252 10
3253 13
3254 13
3255 8
3256 14
3257 14
3258 16
3259 12
3260 12
3261 12
3262 12
3263 5
3264 9
3265 17
3266 10
3267 12
3268 16
3269 12
3270 6
3271 13
3272 15
3273 13
3274 15
3275 14
3276 15
3277 13
3278 8
3279 13
3280 15
3281 11
3282 12
3283 15
3284 19
3285 13
3286 10
3287 9
3288 11
3289 7
3290 15
3291 15
3292 15
3293 14
3294 11
3295 15
3296 12
3297 12
3298 12
3299 16
3300 15
3301 16
3302 14
3303 16
3304 8
3305 14
3306 18
3307 16
3308 12
3309 16
3310 13
3311 15
3312 16
3313 12
3314 19
3315 11
3316 13
3317 13
3318 15
3319 12
3320 12
3321 11
3322 14
3323 13
3324 16
3325 16
3326 11
3327 9
3328 7
3329 11
3330 13
3331 12
3332 17
3333 13
3334 7
3335 13
3336 16
3337 15
3338 11
3339 13
3340 13
3341 14
3342 11
3343 13
3344 12
3345 11
3346 13
3347 15
3348 11
3349 13
3350 13
3351 11
3352 9
3353 16
3354 12
3355 13
3356 11
3357 12
3358 12
3359 12
3360 10
3361 15
3362 12
3363 16
3364 11
3365 9
3366 18
3367 11
3368 16
3369 18
3370 12
3371 9
3372 13
3373 10
3374 11
3375 13
3376 10
3377 11
3378 12
3379 13
3380 13
3381 15
3382 14
3383 13
3384 10
3385 11
3386 14
3387 13
3388 13
3389 12
3390 12
3391 13
3392 11
3393 15
3394 15
3395 15
3396 11
3397 15
3398 15
3399 9
3400 14
3401 10
3402 12
3403 13
3404 17
3405 14
3406 15
3407 9
3408 11
3409 11
3410 12
3411 17
3412 14
3413 10
3414 12
3415 15
3416 11
3417 11
3418 11
3419 14
3420 14
3421 12
3422 15
3423 9
3424 12
3425 13
3426 14
3427 14
3428 13
3429 13
3430 10
3431 11
3432 11
3433 12
3434 12
3435 10
3436 15
3437 13
3438 13
3439 16
3440 15
3441 14
3442 13
3443 11
3444 12
3445 12
3446 13
3447 15
3448 16
3449 13
3450 12
3451 8
3452 10
3453 14
3454 9
3455 13
3456 11
3457 12
3458 8
3459 15
3460 15
3461 15
3462 13
3463 17
3464 10
3465 11
3466 13
3467 11
3468 12
3469 15
3470 12
3471 17
3472 11
3473 16
3474 13
3475 16
3476 12
3477 15
3478 13
3479 8
3480 11
3481 11
3482 13
3483 14
3484 15
3485 8
3486 8
3487 17
3488 13
3489 13
3490 15
3491 10
3492 13
3493 14
3494 14
3495 14
3496 15
3497 10
3498 13
3499 7
3500 12
3501 16
3502 12
3503 14
3504 13
3505 13
3506 10
3507 12
3508 12
3509 14
3510 11
3511 12
3512 13
3513 10
3514 15
3515 14
3516 11
3517 12
3518 13
3519 8
3520 12
3521 13
3522 13
3523 9
3524 10
3525 11
3526 14
3527 11
3528 15
3529 13
3530 15
3531 14
3532 7
3533 19
3534 15
3535 13
3536 13
3537 10
3538 10
3539 12
3540 14
3541 15
3542 12
3543 14
3544 16
3545 10
3546 12
3547 16
3548 15
3549 16
3550 7
3551 9
3552 12
3553 14
3554 13
3555 11
3556 12
3557 11
3558 12
3559 9
3560 13
3561 10
3562 14
3563 10
3564 10
3565 11
3566 13
3567 15
3568 14
3569 12
3570 12
3571 10
3572 8
3573 10
3574 9
3575 10
3576 10
3577 11
3578 14
3579 14
3580 16
3581 12
3582 10
3583 13
3584 14
3585 12
3586 8
3587 14
3588 9
3589 11
3590 10
3591 9
3592 11
3593 14
3594 17
3595 11
3596 10
3597 11
3598 7
3599 10
3600 11
3601 12
3602 15
3603 13
3604 12
3605 8
3606 14
3607 14
3608 14
3609 9
3610 15
3611 15
3612 11
3613 13
3614 10
3615 12
3616 9
3617 13
3618 9
3619 13
3620 12
3621 6
3622 15
3623 16
3624 14
3625 11
3626 11
3627 15
3628 12
3629 15
3630 12
3631 16
3632 11
3633 11
3634 11
3635 14
3636 12
3637 10
3638 13
3639 14
3640 12
3641 16
3642 14
3643 11
3644 11
3645 18
3646 14
3647 10
3648 13
3649 10
3650 14
3651 11
3652 14
3653 15
3654 15
3655 11
3656 15
3657 15
3658 15
3659 17
3660 13
3661 10
3662 13
3663 17
3664 14
3665 18
3666 11
3667 15
3668 9
3669 14
3670 14
3671 10
3672 13
3673 12
3674 12
3675 11
3676 11
3677 11
3678 12
3679 12
3680 9
3681 11
3682 15
3683 14
3684 16
3685 14
3686 12
3687 11
3688 11
3689 13
3690 15
3691 12
3692 13
3693 11
3694 8
3695 15
3696 13
3697 16
3698 11
3699 15
3700 13
3701 12
3702 12
3703 16
3704 12
3705 14
3706 13
3707 12
3708 16
3709 13
3710 10
3711 15
3712 13
3713 11
3714 13
3715 10
3716 13
3717 15
3718 15
3719 17
3720 11
3721 13
3722 12
3723 17
3724 13
3725 13
3726 12
3727 13
3728 7
3729 13
3730 15
3731 17
3732 18
3733 12
3734 15
3735 15
3736 11
3737 12
3738 8
3739 11
3740 13
3741 14
3742 12
3743 12
3744 17
3745 12
3746 12
3747 14
3748 11
3749 13
3750 11
3751 12
3752 15
3753 13
3754 11
3755 16
3756 16
3757 12
3758 10
3759 11
3760 12
3761 14
3762 10
3763 15
3764 10
3765 15
3766 13
3767 13
3768 13
3769 11
3770 15
3771 15
3772 14
3773 11
3774 18
3775 12
3776 11
3777 8
3778 15
3779 10
3780 17
3781 12
3782 9
3783 11
3784 11
3785 14
3786 15
3787 11
3788 8
3789 19
3790 11
3791 10
3792 13
3793 10
3794 13
3795 11
3796 14
3797 15
3798 13
3799 11
3800 15
3801 15
3802 14
3803 8
3804 11
3805 17
3806 13
3807 15
3808 13
3809 14
3810 19
3811 15
3812 13
3813 15
3814 12
3815 12
3816 10
3817 17
3818 14
3819 12
3820 13
3821 14
3822 13
3823 11
3824 12
3825 14
3826 12
3827 13
3828 18
3829 12
3830 12
3831 12
3832 12
3833 15
3834 14
3835 13
3836 17
3837 12
3838 15
3839 14
3840 15
3841 11
3842 11
3843 17
3844 11
3845 8
3846 13
3847 18
3848 11
3849 12
3850 13
3851 18
3852 15
3853 12
3854 12
3855 13
3856 15
3857 13
3858 12
3859 15
3860 15
3861 16
3862 12
3863 11
3864 11
3865 13
3866 14
3867 8
3868 11
3869 11
3870 14
3871 9
3872 10
3873 12
3874 11
3875 13
3876 11
3877 11
3878 13
3879 10
3880 15
3881 15
3882 17
3883 11
3884 17
3885 14
3886 13
3887 14
3888 16
3889 13
3890 13
3891 12
3892 10
3893 14
3894 9
3895 11
3896 14
3897 11
3898 9
3899 14
3900 12
3901 14
3902 12
3903 12
3904 11
3905 10
3906 13
3907 10
3908 14
3909 10
3910 13
3911 8
3912 11
3913 11
3914 14
3915 12
3916 12
3917 16
3918 14
3919 15
3920 12
3921 14
3922 14
3923 13
3924 18
3925 13
3926 13
3927 14
3928 13
3929 14
3930 11
3931 17
3932 9
3933 8
3934 11
3935 13
3936 14
3937 12
3938 12
3939 16
3940 16
3941 10
3942 16
3943 12
3944 14
3945 12
3946 12
3947 12
3948 13
3949 14
3950 9
3951 11
3952 12
3953 16
3954 12
3955 14
3956 13
3957 10
3958 10
3959 17
3960 15
3961 15
3962 14
3963 15
3964 13
3965 10
3966 10
3967 12
3968 14
3969 15
3970 11
3971 12
3972 14
3973 12
3974 11
3975 11
3976 13
3977 12
3978 14
3979 11
3980 11
3981 13
3982 15
3983 11
3984 9
3985 14
3986 11
3987 8
3988 12
3989 12
3990 12
3991 14
3992 14
3993 16
3994 17
3995 8
3996 10
3997 16
3998 10
3999 11
4000 13
4001 12
4002 13
4003 10
4004 13
4005 16
4006 14
4007 12
4008 11
4009 9
4010 11
4011 10
4012 10
4013 15
4014 12
4015 16
4016 11
4017 12
4018 15
4019 14
4020 10
4021 12
4022 9
4023 11
4024 13
4025 7
4026 9
4027 11
4028 16
4029 12
4030 14
4031 14
4032 13
4033 13
4034 14
4035 11
4036 13
4037 14
4038 18
4039 9
4040 11
4041 13
4042 14
4043 15
4044 13
4045 15
4046 14
4047 16
4048 14
4049 12
4050 12
4051 13
4052 15
4053 17
4054 11
4055 10
4056 11
4057 12
4058 13
4059 14
4060 12
4061 17
4062 13
4063 16
4064 14
4065 13
4066 14
4067 9
4068 13
4069 13
4070 14
4071 9
4072 12
4073 10
4074 12
4075 14
4076 14
4077 11
4078 13
4079 15
4080 11
4081 14
4082 14
4083 11
4084 12
4085 17
4086 10
4087 14
4088 15
4089 12
4090 14
4091 11
4092 12
4093 11
4094 9
4095 9
4096 13
4097 15
4098 13
4099 15
4100 16
4101 16
4102 13
4103 16
4104 16
4105 16
4106 11
4107 8
4108 12
4109 13
4110 14
4111 12
4112 14
4113 13
4114 11
4115 12
4116 12
4117 14
4118 15
4119 11
4120 13
4121 9
4122 11
4123 15
4124 15
4125 16
4126 16
4127 11
4128 12
4129 16
4130 10
4131 12
4132 13
4133 13
4134 11
4135 14
4136 12
4137 9
4138 15
4139 10
4140 12
4141 13
4142 14
4143 15
4144 11
4145 9
4146 14
4147 9
4148 12
4149 13
4150 13
4151 13
4152 13
4153 11
4154 15
4155 16
4156 13
4157 14
4158 16
4159 8
4160 12
4161 13
4162 9
4163 14
4164 17
4165 7
4166 15
4167 11
4168 16
4169 13
4170 15
4171 17
4172 16
4173 11
4174 11
4175 14
4176 11
4177 10
4178 15
4179 14
4180 12
4181 13
4182 13
4183 14
4184 10
4185 8
4186 12
4187 10
4188 10
4189 16
4190 18
4191 13
4192 15
4193 13
4194 11
4195 9
4196 11
4197 11
4198 13
4199 11
4200 15
4201 17
4202 13
4203 11
4204 14
4205 10
4206 14
4207 9
4208 13
4209 10
4210 13
4211 14
4212 12
4213 10
4214 14
4215 16
4216 14
4217 18
4218 15
4219 13
4220 15
4221 13
4222 15
4223 11
4224 8
4225 13
4226 12
4227 18
4228 12
4229 15
4230 16
4231 11
4232 16
4233 14
4234 14
4235 12
4236 16
4237 12
4238 12
4239 14
4240 11
4241 16
4242 14
4243 12
4244 10
4245 13
4246 18
4247 12
4248 9
4249 13
4250 7
4251 17
4252 11
4253 18
4254 11
4255 12
4256 12
4257 14
4258 11
4259 11
4260 17
4261 14
4262 11
4263 15
4264 15
4265 15
4266 11
4267 11
4268 12
4269 16
4270 12
4271 12
4272 13
4273 11
4274 10
4275 14
4276 11
4277 14
4278 15
4279 17
4280 14
4281 7
4282 16
4283 9
4284 13
4285 16
4286 13
4287 12
4288 14
4289 14
4290 14
4291 10
4292 9
4293 15
4294 9
4295 11
4296 12
4297 16
4298 9
4299 16
4300 13
4301 11
4302 11
4303 13
4304 12
4305 14
4306 16
4307 11
4308 16
4309 10
4310 13
4311 16
4312 13
4313 13
4314 20
4315 12
4316 13
4317 12
4318 13
4319 13
4320 14
4321 11
4322 13
4323 11
4324 13
4325 13
4326 14
4327 13
4328 12
4329 13
4330 14
4331 12
4332 12
4333 12
4334 14
4335 9
4336 12
4337 15
4338 9
4339 18
4340 13
4341 13
4342 14
4343 10
4344 15
4345 9
4346 7
4347 12
4348 14
4349 8
4350 11
4351 11
4352 13
4353 14
4354 14
4355 11
4356 13
4357 14
4358 11
4359 9
4360 11
4361 12
4362 11
4363 13
4364 16
4365 16
4366 11
4367 14
4368 14
4369 10
4370 9
4371 13
4372 14
4373 14
4374 15
4375 15
4376 16
4377 19
4378 11
4379 15
4380 10
4381 15
4382 14
4383 17
4384 12
4385 13
4386 15
4387 11
4388 15
4389 12
4390 8
4391 11
4392 10
4393 10
4394 10
4395 12
4396 11
4397 13
4398 12
4399 14
4400 10
4401 17
4402 14
4403 13
4404 11
4405 12
4406 13
4407 14
4408 12
4409 12
4410 9
4411 12
4412 9
4413 11
4414 8
4415 15
4416 12
4417 12
4418 8
4419 9
4420 13
4421 14
4422 11
4423 15
4424 11
4425 13
4426 17
4427 9
4428 11
4429 17
4430 16
4431 15
4432 10
4433 10
4434 9
4435 16
4436 11
4437 14
4438 15
4439 15
4440 14
4441 13
4442 7
4443 13
4444 12
4445 8
4446 13
4447 19
4448 11
4449 17
4450 18
4451 11
4452 14
4453 14
4454 15
4455 11
4456 12
4457 15
4458 10
4459 15
4460 11
4461 13
4462 14
4463 10
4464 11
4465 14
4466 13
4467 11
4468 12
4469 12
4470 10
4471 14
4472 13
4473 14
4474 14
4475 15
4476 13
4477 13
4478 13
4479 16
4480 13
4481 13
4482 10
4483 13
4484 10
4485 11
4486 13
4487 13
4488 14
4489 12
4490 13
4491 15
4492 13
4493 13
4494 11
4495 10
4496 8
4497 14
4498 12
4499 11
4500 9
4501 11
4502 14
4503 9
4504 11
4505 10
4506 15
4507 15
4508 16
4509 15
4510 14
4511 16
4512 16
4513 7
4514 15
4515 14
4516 9
4517 15
4518 13
4519 11
4520 13
4521 14
4522 14
4523 13
4524 14
4525 13
4526 15
4527 13
4528 13
4529 14
4530 7
4531 10
4532 17
4533 13
4534 16
4535 15
4536 13
4537 15
4538 11
4539 16
4540 10
4541 12
4542 10
4543 14
4544 10
4545 12
4546 15
4547 15
4548 11
4549 9
4550 11
4551 11
4552 11
4553 15
4554 10
4555 13
4556 12
4557 12
4558 17
4559 12
4560 11
4561 10
4562 8
4563 14
4564 11
4565 9
4566 16
4567 8
4568 11
4569 13
4570 14
4571 12
4572 16
4573 10
4574 12
4575 10
4576 14
4577 14
4578 9
4579 16
4580 14
4581 10
4582 13
4583 11
4584 12
4585 12
4586 15
4587 15
4588 12
4589 10
4590 14
4591 13
4592 14
4593 15
4594 12
4595 11
4596 13
4597 10
4598 14
4599 15
4600 13
4601 11
4602 10
4603 12
4604 13
4605 9
4606 16
4607 7
4608 14
4609 13
4610 10
4611 14
4612 11
4613 15
4614 14
4615 15
4616 10
4617 15
4618 12
4619 12
4620 15
4621 16
4622 15
4623 7
4624 11
4625 15
4626 13
4627 14
4628 16
4629 14
4630 10
4631 14
4632 15
4633 14
4634 8
4635 10
4636 11
4637 17
4638 11
4639 14
4640 14
4641 15
4642 14
4643 13
4644 18
4645 14
4646 14
4647 9
4648 12
4649 7
4650 15
4651 12
4652 16
4653 17
4654 17
4655 13
4656 16
4657 17
4658 14
4659 12
4660 11
4661 9
4662 9
4663 13
4664 11
4665 7
4666 12
4667 9
4668 13
4669 14
4670 11
4671 13
4672 13
4673 13
4674 13
4675 12
4676 10
4677 11
4678 9
4679 12
4680 11
4681 15
4682 13
4683 10
4684 14
4685 11
4686 10
4687 14
4688 15
4689 19
4690 17
4691 12
4692 14
4693 11
4694 14
4695 14
4696 12
4697 11
4698 10
4699 14
4700 15
4701 14
4702 14
4703 10
4704 9
4705 16
4706 13
4707 15
4708 16
4709 10
4710 13
4711 18
4712 12
4713 8
4714 13
4715 15
4716 14
4717 15
4718 15
4719 12
4720 16
4721 13
4722 18
4723 10
4724 10
4725 16
4726 11
4727 14
4728 14
4729 15
4730 17
4731 16
4732 14
4733 12
4734 10
4735 15
4736 12
4737 13
4738 19
4739 10
4740 12
4741 14
4742 15
4743 8
4744 9
4745 9
4746 9
4747 15
4748 12
4749 11
4750 13
4751 12
4752 9
4753 17
4754 12
4755 9
4756 14
4757 13
4758 9
4759 8
4760 11
4761 16
4762 11
4763 10
4764 11
4765 16
4766 12
4767 13
4768 13
4769 16
4770 11
4771 14
4772 10
4773 11
4774 12
4775 15
4776 9
4777 14
4778 10
4779 11
4780 13
4781 10
4782 16
4783 13
4784 14
4785 11
4786 13
4787 14
4788 12
4789 16
4790 16
4791 13
4792 14
4793 11
4794 13
4795 10
4796 15
4797 14
4798 13
4799 10
4800 16
4801 10
4802 11
4803 12
4804 13
4805 10
4806 11
4807 12
4808 12
4809 13
4810 11
4811 15
4812 19
4813 12
4814 14
4815 14
4816 14
4817 16
4818 13
4819 9
4820 14
4821 15
4822 16
4823 13
4824 10
4825 12
4826 11
4827 17
4828 13
4829 19
4830 10
4831 13
4832 12
4833 14
4834 12
4835 18
4836 14
4837 15
4838 16
4839 16
4840 15
4841 15
4842 12
4843 19
4844 13
4845 16
4846 14
4847 12
4848 13
4849 9
4850 13
4851 13
4852 14
4853 12
4854 12
4855 11
4856 17
4857 16
4858 11
4859 12
4860 12
4861 13
4862 13
4863 13
4864 11
4865 9
4866 12
4867 15
4868 18
4869 12
4870 10
4871 14
4872 11
4873 11
4874 15
4875 13
4876 11
4877 19
4878 10
4879 10
4880 16
4881 11
4882 16
4883 11
4884 12
4885 16
4886 11
4887 14
4888 9
4889 11
4890 9
4891 13
4892 14
4893 16
4894 12
4895 8
4896 16
4897 14
4898 13
4899 15
4900 8
4901 13
4902 16
4903 10
4904 12
4905 12
4906 12
4907 14
4908 10
4909 12
4910 14
4911 16
4912 16
4913 13
4914 12
4915 16
4916 9
4917 10
4918 14
4919 12
4920 15
4921 12
4922 13
4923 13
4924 15
4925 14
4926 11
4927 10
4928 13
4929 15
4930 14
4931 11
4932 16
4933 12
4934 12
4935 14
4936 14
4937 15
4938 16
4939 10
4940 10
4941 15
4942 11
4943 13
4944 12
4945 14
4946 13
4947 12
4948 13
4949 11
4950 14
4951 12
4952 15
4953 13
4954 13
4955 15
4956 16
4957 14
4958 11
4959 14
4960 15
4961 13
4962 8
4963 13
4964 12
4965 11
4966 13
4967 7
4968 11
4969 13
4970 12
4971 11
4972 8
4973 16
4974 11
4975 8
4976 15
4977 13
4978 11
4979 16
4980 13
4981 17
4982 13
4983 12
4984 12
4985 14
4986 10
4987 11
4988 12
4989 10
4990 18
4991 12
4992 11
4993 16
4994 16
4995 17
4996 13
4997 17
4998 11
4999 10
5000 15
5001 11
