0 70
1 73
2 73
3 69
4 78
5 77
6 70
7 74
8 72
9 79
10 78
11 66
12 76
13 71
14 70
15 73
16 66
17 65
18 73
19 74
20 81
21 79
22 70
23 73
24 73
25 80
26 68
27 79
28 71
29 84
30 77
31 67
32 64
33 84
34 70
35 72
36 71
37 75
38 73
39 81
40 74
41 84
42 70
43 77
44 66
45 68
46 78
47 73
48 79
49 72
50 76
51 75
52 72
53 71
54 63
55 72
56 77
57 75
58 68
59 78
60 62
61 77
62 70
63 82
64 77
65 80
66 65
67 68
68 71
69 74
70 80
71 67
72 73
73 74
74 75
75 70
76 76
77 72
78 83
79 73
80 70
81 67
82 80
83 79
84 70
85 64
86 60
87 79
88 72
89 72
90 77
91 78
92 71
93 81
94 82
95 73
96 71
97 77
98 69
99 74
100 77
101 82
102 77
103 75
104 66
105 78
106 69
107 73
108 72
109 65
110 73
111 75
112 71
113 70
114 69
115 69
116 71
117 72
118 73
119 69
120 71
121 79
122 72
123 68
124 80
125 81
126 66
127 78
128 73
129 77
130 71
131 68
132 71
133 74
134 70
135 76
136 69
137 83
138 82
139 74
140 74
141 71
142 72
143 66
144 76
145 76
146 64
147 80
148 70
149 62
150 72
151 76
152 86
153 78
154 69
155 65
156 82
157 73
158 74
159 72
160 70
161 72
162 73
163 68
164 81
165 62
166 55
167 71
168 79
169 63
170 79
171 82
172 65
173 72
174 83
175 70
176 82
177 69
178 70
179 82
180 77
181 75
182 68
183 69
184 80
185 76
186 67
187 76
188 72
189 67
190 72
191 75
192 85
193 72
194 69
195 83
196 77
197 74
198 75
199 69
200 72
201 74
202 69
203 73
204 73
205 71
206 81
207 71
208 76
209 72
210 78
211 82
212 70
213 59
214 80
215 74
216 68
217 79
218 82
219 67
220 71
221 79
222 75
223 62
224 69
225 76
226 76
227 80
228 76
229 75
230 76
231 80
232 68
233 74
234 65
235 69
236 75
237 68
238 66
239 77
240 70
241 70
242 63
243 64
244 78
245 77
246 62
247 71
248 77
249 71
250 77
251 72
252 89
253 68
254 66
255 68
256 70
257 78
258 72
259 78
260 69
261 77
262 81
263 67
264 79
265 70
266 70
267 80
268 80
269 76
270 67
271 71
272 75
273 71
274 72
275 76
276 64
277 77
278 68
279 80
280 71
281 67
282 64
283 74
284 76
285 69
286 70
287 77
288 71
289 78
290 74
291 58
292 78
293 68
294 74
295 76
296 80
297 71
298 76
299 76
300 63
301 60
302 72
303 72
304 64
305 77
306 81
307 73
308 74
309 84
310 79
311 76
312 65
313 78
314 60
315 74
316 63
317 70
318 77
319 71
320 84
321 74
322 71
323 80
324 72
325 72
326 65
327 71
328 74
329 66
330 76
331 77
332 74
333 79
334 76
335 72
336 75
337 71
338 73
339 72
340 75
341 82
342 71
343 79
344 67
345 64
346 72
347 72
348 74
349 81
350 74
351 69
352 78
353 78
354 73
355 64
356 79
357 72
358 67
359 72
360 65
361 79
362 84
363 78
364 72
365 70
366 71
367 72
368 71
369 69
370 74
371 66
372 70
373 65
374 76
375 70
376 64
377 72
378 62
379 75
380 76
381 79
382 61
383 72
384 76
385 64
386 81
387 71
388 75
389 72
390 79
391 70
392 77
393 76
394 61
395 66
396 61
397 81
398 75
399 65
400 75
401 70
402 76
403 67
404 69
405 81
406 72
407 72
408 81
409 74
410 70
411 83
412 75
413 79
414 78
415 74
416 75
417 71
418 71
419 72
420 69
421 77
422 74
423 77
424 72
425 68
426 79
427 66
428 73
429 76
430 67
431 76
432 78
433 79
434 82
435 79
436 76
437 71
438 80
439 67
440 66
441 73
442 68
443 81
444 77
445 75
446 77
447 70
448 80
449 69
450 71
451 67
452 62
453 76
454 72
455 65
456 76
457 74
458 70
459 68
460 82
461 85
462 72
463 77
464 69
465 72
466 74
467 81
468 58
469 77
470 70
471 80
472 78
473 80
474 77
475 69
476 71
477 74
478 77
479 69
480 67
481 70
482 66
483 63
484 71
485 69
486 63
487 79
488 66
489 63
490 74
491 68
492 73
493 61
494 72
495 69
496 78
497 77
498 74
499 71
500 73
501 69
502 69
503 73
504 75
505 77
506 74
507 74
508 65
509 79
510 76
511 73
512 67
513 67
514 75
515 83
516 66
517 77
518 69
519 74
520 64
521 67
522 77
523 83
524 79
525 84
526 70
527 70
528 62
529 62
530 73
531 65
532 68
533 75
534 72
535 72
536 82
537 73
538 75
539 67
540 71
541 81
542 64
543 72
544 66
545 80
546 82
547 76
548 80
549 79
550 69
551 70
552 77
553 83
554 66
555 64
556 71
557 63
558 64
559 68
560 68
561 76
562 71
563 67
564 71
565 73
566 70
567 73
568 80
569 81
570 70
571 81
572 76
573 76
574 74
575 65
576 65
577 69
578 65
579 73
580 85
581 73
582 65
583 58
584 69
585 68
586 66
587 66
588 65
589 64
590 78
591 83
592 71
593 71
594 76
595 80
596 77
597 73
598 68
599 79
600 78
601 72
602 61
603 76
604 65
605 75
606 67
607 71
608 73
609 75
610 81
611 73
612 68
613 75
614 78
615 77
616 70
617 68
618 70
619 79
620 75
621 70
622 70
623 78
624 70
625 77
626 67
627 65
628 78
629 72
630 75
631 73
632 72
633 84
634 72
635 74
636 71
637 67
638 66
639 73
640 64
641 78
642 69
643 73
644 69
645 80
646 74
647 72
648 68
649 68
650 75
651 75
652 74
653 64
654 70
655 82
656 76
657 74
658 78
659 79
660 76
661 72
662 70
663 73
664 80
665 69
666 66
667 79
668 75
669 67
670 71
671 74
672 69
673 67
674 71
675 79
676 65
677 68
678 71
679 78
680 71
681 73
682 68
683 76
684 74
685 71
686 73
687 75
688 76
689 66
690 77
691 69
692 80
693 77
694 79
695 73
696 64
697 66
698 75
699 73
700 74
701 74
702 79
703 70
704 75
705 71
706 78
707 68
708 68
709 68
710 71
711 82
712 75
713 71
714 79
715 81
716 76
717 67
718 70
719 80
720 76
721 77
722 74
723 74
724 83
725 73
726 73
727 79
728 85
729 70
730 61
731 65
732 65
733 77
734 67
735 71
736 73
737 59
738 77
739 66
740 72
741 69
742 76
743 81
744 72
745 69
746 81
747 73
748 67
749 66
750 69
751 77
752 51
753 72
754 76
755 57
756 81
757 65
758 69
759 77
760 68
761 71
762 60
763 71
764 76
765 70
766 84
767 83
768 63
769 72
770 75
771 66
772 69
773 76
774 64
775 71
776 82
777 74
778 78
779 71
780 82
781 68
782 79
783 71
784 79
785 76
786 66
787 71
788 78
789 76
790 72
791 73
792 67
793 74
794 68
795 73
796 80
797 67
798 58
799 77
800 67
801 71
802 72
803 66
804 71
805 67
806 80
807 67
808 75
809 76
810 73
811 78
812 63
813 72
814 78
815 74
816 65
817 76
818 76
819 79
820 66
821 80
822 65
823 70
824 63
825 75
826 73
827 82
828 70
829 81
830 83
831 71
832 82
833 68
834 58
835 80
836 72
837 69
838 70
839 77
840 67
841 72
842 66
843 72
844 68
845 71
846 58
847 67
848 65
849 72
850 70
851 70
852 72
853 69
854 73
855 71
856 75
857 71
858 71
859 73
860 74
861 69
862 70
863 78
864 71
865 72
866 72
867 75
868 76
869 72
870 74
871 67
872 74
873 78
874 64
875 67
876 77
877 77
878 71
879 76
880 59
881 70
882 68
883 69
884 67
885 72
886 74
887 73
888 71
889 70
890 76
891 77
892 72
893 71
894 81
895 72
896 79
897 70
898 61
899 73
900 83
901 76
902 77
903 69
904 61
905 77
906 68
907 70
908 68
909 81
910 69
911 72
912 71
913 79
914 80
915 76
916 83
917 67
918 78
919 72
920 81
921 73
922 73
923 73
924 66
925 74
926 74
927 74
928 68
929 75
930 72
931 69
932 71
933 75
934 80
935 70
936 78
937 75
938 72
939 72
940 82
941 72
942 69
943 66
944 78
945 80
946 80
947 64
948 71
949 83
950 77
951 70
952 80
953 74
954 71
955 73
956 67
957 71
958 74
959 82
960 65
961 61
962 75
963 68
964 72
965 82
966 74
967 80
968 79
969 65
970 63
971 74
972 82
973 76
974 74
975 83
976 67
977 79
978 74
979 76
980 73
981 72
982 68
983 67
984 78
985 63
986 69
987 67
988 66
989 77
990 73
991 77
992 73
993 71
994 71
995 71
996 75
997 70
998 81
999 74
1000 86
1001 75
1002 84
1003 77
1004 65
1005 78
1006 81
1007 66
1008 68
1009 82
1010 69
1011 79
1012 63
1013 68
1014 74
1015 69
1016 70
1017 77
1018 67
1019 73
1020 62
1021 62
1022 65
1023 80
1024 75
1025 77
1026 76
1027 77
1028 71
1029 72
1030 73
1031 75
1032 73
1033 82
1034 67
1035 71
1036 78
1037 70
1038 75
1039 73
1040 74
1041 80
1042 76
1043 74
1044 80
1045 75
1046 75
1047 88
1048 74
1049 77
1050 70
1051 67
1052 72
1053 71
1054 68
1055 71
1056 76
1057 66
1058 66
1059 70
1060 81
1061 63
1062 72
1063 76
1064 76
1065 74
1066 85
1067 74
1068 76
1069 76
1070 66
1071 76
1072 78
1073 69
1074 62
1075 66
1076 71
1077 63
1078 72
1079 76
1080 77
1081 76
1082 71
1083 76
1084 79
1085 74
1086 68
1087 75
1088 77
1089 83
1090 69
1091 69
1092 54
1093 72
1094 71
1095 69
1096 69
1097 67
1098 74
1099 76
1100 69
1101 76
1102 78
1103 75
1104 75
1105 75
1106 74
1107 74
1108 74
1109 76
1110 68
1111 65
1112 65
1113 68
1114 81
1115 75
1116 71
1117 66
1118 70
1119 68
1120 75
1121 75
1122 80
1123 71
1124 79
1125 68
1126 69
1127 71
1128 77
1129 73
1130 79
1131 74
1132 74
1133 68
1134 69
1135 71
1136 68
1137 68
1138 79
1139 81
1140 71
1141 70
1142 68
1143 57
1144 72
1145 75
1146 69
1147 65
1148 74
1149 71
1150 66
1151 71
1152 78
1153 70
1154 76
1155 64
1156 79
1157 67
1158 74
1159 74
1160 80
1161 71
1162 66
1163 73
1164 72
1165 79
1166 71
1167 63
1168 68
1169 78
1170 63
1171 77
1172 69
1173 77
1174 68
1175 81
1176 73
1177 72
1178 75
1179 74
1180 71
1181 68
1182 76
1183 70
1184 73
1185 77
1186 70
1187 64
1188 80
1189 76
1190 78
1191 76
1192 79
1193 68
1194 72
1195 78
1196 64
1197 74
1198 74
1199 73
1200 77
1201 68
1202 81
1203 66
1204 73
1205 65
1206 74
1207 72
1208 78
1209 81
1210 63
1211 65
1212 74
1213 74
1214 76
1215 82
1216 77
1217 75
1218 77
1219 71
1220 64
1221 76
1222 81
1223 67
1224 72
1225 77
1226 70
1227 76
1228 67
1229 67
1230 71
1231 78
1232 74
1233 69
1234 74
1235 70
1236 74
1237 79
1238 67
1239 77
1240 74
1241 74
1242 77
1243 76
1244 76
1245 81
1246 72
1247 76
1248 65
1249 73
1250 68
1251 66
1252 72
1253 67
1254 68
1255 68
1256 73
1257 78
1258 68
1259 86
1260 61
1261 72
1262 65
1263 64
1264 71
1265 73
1266 65
1267 72
1268 71
1269 78
1270 73
1271 92
1272 74
1273 78
1274 77
1275 71
1276 72
1277 66
1278 80
1279 78
1280 75
1281 70
1282 73
1283 72
1284 70
1285 81
1286 70
1287 68
1288 72
1289 75
1290 72
1291 84
1292 67
1293 71
1294 71
1295 61
1296 73
1297 75
1298 59
1299 73
1300 72
1301 74
1302 76
1303 79
1304 73
1305 71
1306 70
1307 77
1308 73
1309 63
1310 67
1311 69
1312 75
1313 68
1314 68
1315 75
1316 72
1317 74
1318 72
1319 77
1320 73
1321 73
1322 82
1323 67
1324 68
1325 71
1326 75
1327 81
1328 74
1329 71
1330 69
1331 75
1332 73
1333 81
1334 85
1335 75
1336 70
1337 71
1338 75
1339 76
1340 67
1341 67
1342 70
1343 70
1344 64
1345 81
1346 76
1347 71
1348 88
1349 79
1350 73
1351 70
1352 64
1353 71
1354 70
1355 76
1356 79
1357 68
1358 77
1359 78
1360 77
1361 78
1362 68
1363 73
1364 79
1365 70
1366 78
1367 69
1368 76
1369 61
1370 75
1371 76
1372 68
1373 75
1374 76
1375 78
1376 67
1377 83
1378 71
1379 75
1380 77
1381 73
1382 69
1383 73
1384 80
1385 74
1386 75
1387 65
1388 71
1389 74
1390 80
1391 74
1392 71
1393 73
1394 62
1395 65
1396 66
1397 66
1398 74
1399 67
1400 70
1401 73
1402 69
1403 67
1404 73
1405 71
1406 71
1407 74
1408 69
1409 69
1410 71
1411 78
1412 73
1413 82
1414 72
1415 59
1416 78
1417 82
1418 69
1419 72
1420 80
1421 68
1422 81
1423 75
1424 70
1425 70
1426 82
1427 71
1428 79
1429 81
1430 67
1431 71
1432 74
1433 54
1434 63
1435 82
1436 77
1437 64
1438 67
1439 74
1440 70
1441 69
1442 66
1443 81
1444 71
1445 74
1446 72
1447 65
1448 73
1449 72
1450 69
1451 66
1452 84
1453 78
1454 74
1455 73
1456 68
1457 74
1458 66
1459 75
1460 72
1461 74
1462 70
1463 66
1464 76
1465 64
1466 76
1467 77
1468 65
1469 81
1470 70
1471 76
1472 66
1473 78
1474 73
1475 79
1476 74
1477 74
1478 75
1479 71
1480 69
1481 65
1482 89
1483 75
1484 71
1485 66
1486 75
1487 80
1488 77
1489 71
1490 77
1491 71
1492 75
1493 80
1494 79
1495 69
1496 73
1497 68
1498 68
1499 66
1500 67
1501 69
1502 67
1503 80
1504 69
1505 66
1506 69
1507 60
1508 66
1509 77
1510 73
1511 87
1512 64
1513 74
1514 68
1515 71
1516 66
1517 77
1518 66
1519 62
1520 66
1521 67
1522 79
1523 77
1524 62
1525 65
1526 72
1527 76
1528 65
1529 62
1530 72
1531 75
1532 67
1533 80
1534 65
1535 66
1536 70
1537 76
1538 70
1539 70
1540 65
1541 73
1542 69
1543 67
1544 77
1545 66
1546 71
1547 76
1548 69
1549 72
1550 79
1551 67
1552 72
1553 76
1554 77
1555 76
1556 63
1557 74
1558 76
1559 84
1560 75
1561 71
1562 76
1563 79
1564 72
1565 69
1566 70
1567 66
1568 65
1569 67
1570 69
1571 69
1572 69
1573 63
1574 70
1575 75
1576 77
1577 72
1578 79
1579 78
1580 72
1581 76
1582 64
1583 66
1584 74
1585 83
1586 76
1587 76
1588 75
1589 71
1590 77
1591 74
1592 78
1593 69
1594 75
1595 75
1596 72
1597 53
1598 79
1599 77
1600 72
1601 81
1602 54
1603 65
1604 72
1605 66
1606 66
1607 63
1608 67
1609 72
1610 74
1611 74
1612 70
1613 71
1614 68
1615 77
1616 70
1617 77
1618 77
1619 65
1620 73
1621 70
1622 70
1623 72
1624 73
1625 82
1626 63
1627 76
1628 71
1629 76
1630 75
1631 77
1632 64
1633 79
1634 72
1635 63
1636 64
1637 70
1638 73
1639 82
1640 78
1641 79
1642 70
1643 81
1644 75
1645 73
1646 71
1647 75
1648 81
1649 66
1650 77
1651 72
1652 66
1653 67
1654 78
1655 75
1656 73
1657 84
1658 76
1659 77
1660 68
1661 73
1662 69
1663 60
1664 78
1665 77
1666 74
1667 66
1668 79
1669 70
1670 72
1671 70
1672 71
1673 67
1674 78
1675 78
1676 72
1677 73
1678 77
1679 79
1680 80
1681 70
1682 77
1683 75
1684 77
1685 68
1686 76
1687 74
1688 77
1689 83
1690 75
1691 72
1692 69
1693 81
1694 79
1695 77
1696 82
1697 82
1698 70
1699 69
1700 70
1701 83
1702 64
1703 67
1704 71
1705 73
1706 67
1707 56
1708 69
1709 74
1710 71
1711 66
1712 64
1713 69
1714 61
1715 70
1716 77
1717 65
1718 78
1719 74
1720 68
1721 75
1722 69
1723 81
1724 61
1725 78
1726 72
1727 75
1728 67
1729 78
1730 75
1731 80
1732 72
1733 78
1734 75
1735 73
1736 75
1737 74
1738 65
1739 69
1740 67
1741 62
1742 85
1743 72
1744 68
1745 65
1746 71
1747 63
1748 69
1749 69
1750 70
1751 75
1752 70
1753 81
1754 74
1755 74
1756 71
1757 75
1758 76
1759 69
1760 72
1761 71
1762 68
1763 82
1764 67
1765 71
1766 77
1767 73
1768 69
1769 71
1770 76
1771 76
1772 78
1773 73
1774 68
1775 71
1776 75
1777 72
1778 71
1779 80
1780 80
1781 74
1782 72
1783 77
1784 74
1785 60
1786 76
1787 72
1788 81
1789 86
1790 63
1791 70
1792 80
1793 72
1794 85
1795 65
1796 82
1797 64
1798 72
1799 77
1800 68
1801 73
1802 70
1803 80
1804 64
1805 70
1806 65
1807 74
1808 70
1809 82
1810 73
1811 71
1812 75
1813 68
1814 74
1815 73
1816 72
1817 70
1818 85
1819 74
1820 89
1821 70
1822 79
1823 78
1824 69
1825 73
1826 75
1827 69
1828 82
1829 85
1830 65
1831 74
1832 77
1833 68
1834 68
1835 77
1836 63
1837 67
1838 76
1839 76
1840 71
1841 80
1842 80
1843 74
1844 75
1845 71
1846 79
1847 82
1848 79
1849 76
1850 69
1851 75
1852 66
1853 72
1854 66
1855 79
1856 57
1857 75
1858 68
1859 60
1860 66
1861 78
1862 74
1863 64
1864 66
1865 75
1866 75
1867 72
1868 64
1869 69
1870 76
1871 68
1872 76
1873 67
1874 76
1875 70
1876 69
1877 73
1878 63
1879 75
1880 63
1881 70
1882 71
1883 72
1884 76
1885 54
1886 71
1887 76
1888 72
1889 76
1890 78
1891 78
1892 76
1893 71
1894 85
1895 77
1896 74
1897 83
1898 79
1899 70
1900 73
1901 71
1902 82
1903 69
1904 63
1905 70
1906 76
1907 78
1908 66
1909 67
1910 84
1911 77
1912 80
1913 66
1914 82
1915 77
1916 78
1917 79
1918 77
1919 75
1920 68
1921 75
1922 81
1923 71
1924 64
1925 82
1926 77
1927 75
1928 72
1929 64
1930 73
1931 72
1932 66
1933 78
1934 73
1935 71
1936 74
1937 70
1938 75
1939 65
1940 67
1941 71
1942 78
1943 72
1944 87
1945 74
1946 76
1947 80
1948 77
1949 77
1950 68
1951 77
1952 74
1953 72
1954 76
1955 74
1956 79
1957 80
1958 77
1959 64
1960 71
1961 64
1962 64
1963 83
1964 82
1965 78
1966 73
1967 71
1968 80
1969 74
1970 75
1971 75
1972 74
1973 84
1974 67
1975 88
1976 70
1977 80
1978 79
1979 64
1980 79
1981 71
1982 77
1983 74
1984 77
1985 73
1986 77
1987 73
1988 73
1989 65
1990 67
1991 66
1992 79
1993 76
1994 71
1995 79
1996 74
1997 84
1998 78
1999 75
2000 79
2001 70
