0 65
1 69
2 72
3 74
4 72
5 84
6 76
7 70
8 67
9 73
10 62
11 74
12 71
13 69
14 67
15 70
16 74
17 74
18 73
19 75
20 66
21 78
22 74
23 66
24 68
25 65
26 77
27 64
28 76
29 58
30 60
31 67
32 70
33 64
34 77
35 74
36 59
37 68
38 69
39 68
40 67
41 73
42 62
43 71
44 69
45 63
46 78
47 64
48 67
49 68
50 74
51 77
52 59
53 66
54 67
55 73
56 70
57 68
58 72
59 61
60 72
61 63
62 76
63 67
64 72
65 71
66 68
67 66
68 73
69 75
70 68
71 72
72 65
73 74
74 66
75 72
76 71
77 79
78 76
79 67
80 71
81 72
82 70
83 68
84 69
85 63
86 85
87 67
88 75
89 67
90 69
91 76
92 70
93 72
94 71
95 71
96 76
97 71
98 69
99 71
100 73
101 69
102 75
103 75
104 70
105 74
106 74
107 76
108 78
109 70
110 60
111 72
112 76
113 71
114 78
115 74
116 72
117 70
118 68
119 68
120 58
121 69
122 66
123 68
124 73
125 64
126 57
127 70
128 68
129 62
130 73
131 72
132 74
133 68
134 60
135 72
136 72
137 78
138 68
139 69
140 74
141 74
142 65
143 68
144 76
145 75
146 69
147 66
148 63
149 61
150 68
151 74
152 77
153 77
154 66
155 77
156 73
157 70
158 75
159 66
160 63
161 68
162 62
163 68
164 65
165 68
166 69
167 66
168 63
169 75
170 63
171 73
172 63
173 77
174 69
175 73
176 66
177 71
178 65
179 72
180 70
181 73
182 72
183 72
184 65
185 79
186 70
187 69
188 70
189 67
190 77
191 72
192 69
193 68
194 67
195 79
196 71
197 70
198 76
199 59
200 67
201 69
202 63
203 72
204 79
205 75
206 70
207 71
208 70
209 69
210 62
211 67
212 60
213 71
214 75
215 64
216 70
217 61
218 70
219 73
220 63
221 70
222 63
223 66
224 63
225 64
226 74
227 71
228 59
229 83
230 69
231 69
232 75
233 71
234 69
235 70
236 78
237 66
238 68
239 68
240 79
241 72
242 66
243 69
244 66
245 69
246 75
247 63
248 64
249 67
250 69
251 63
252 72
253 68
254 73
255 76
256 66
257 61
258 67
259 68
260 68
261 72
262 68
263 62
264 75
265 71
266 75
267 75
268 76
269 79
270 65
271 62
272 71
273 56
274 73
275 71
276 77
277 77
278 73
279 70
280 62
281 63
282 72
283 68
284 61
285 68
286 71
287 67
288 70
289 68
290 69
291 69
292 70
293 77
294 76
295 71
296 73
297 73
298 65
299 66
300 78
301 75
302 69
303 70
304 70
305 72
306 64
307 57
308 73
309 69
310 71
311 71
312 69
313 66
314 60
315 76
316 59
317 71
318 79
319 63
320 67
321 61
322 67
323 70
324 69
325 68
326 70
327 74
328 75
329 73
330 69
331 70
332 70
333 66
334 76
335 68
336 72
337 62
338 76
339 62
340 65
341 64
342 66
343 76
344 69
345 70
346 62
347 71
348 81
349 71
350 78
351 61
352 62
353 69
354 67
355 75
356 74
357 68
358 77
359 68
360 78
361 75
362 68
363 67
364 60
365 71
366 65
367 72
368 69
369 62
370 77
371 82
372 71
373 63
374 69
375 73
376 71
377 66
378 71
379 60
380 65
381 70
382 55
383 72
384 66
385 75
386 72
387 68
388 63
389 70
390 65
391 69
392 61
393 65
394 61
395 70
396 67
397 68
398 78
399 70
400 68
401 78
402 70
403 69
404 68
405 75
406 67
407 76
408 61
409 65
410 69
411 66
412 73
413 77
414 76
415 74
416 75
417 68
418 75
419 61
420 73
421 68
422 79
423 72
424 75
425 67
426 65
427 65
428 70
429 76
430 70
431 67
432 74
433 76
434 74
435 72
436 67
437 60
438 77
439 68
440 77
441 72
442 76
443 79
444 65
445 65
446 76
447 62
448 58
449 70
450 77
451 76
452 70
453 72
454 72
455 72
456 70
457 64
458 67
459 69
460 67
461 56
462 69
463 66
464 70
465 71
466 75
467 74
468 75
469 74
470 77
471 68
472 67
473 59
474 66
475 77
476 78
477 69
478 64
479 70
480 66
481 69
482 71
483 70
484 65
485 71
486 72
487 66
488 66
489 67
490 66
491 74
492 67
493 66
494 77
495 74
496 70
497 68
498 63
499 76
500 70
501 77
502 75
503 68
504 70
505 76
506 67
507 78
508 71
509 75
510 70
511 63
512 61
513 68
514 62
515 68
516 73
517 66
518 62
519 71
520 67
521 67
522 70
523 74
524 69
525 69
526 79
527 72
528 70
529 58
530 78
531 58
532 76
533 66
534 68
535 80
536 72
537 77
538 62
539 73
540 78
541 77
542 58
543 74
544 64
545 76
546 70
547 63
548 70
549 68
550 66
551 70
552 67
553 69
554 73
555 67
556 82
557 58
558 70
559 77
560 76
561 72
562 77
563 78
564 72
565 68
566 69
567 74
568 75
569 60
570 68
571 74
572 76
573 69
574 72
575 61
576 73
577 64
578 74
579 73
580 68
581 68
582 67
583 71
584 81
585 71
586 73
587 69
588 74
589 73
590 74
591 68
592 66
593 63
594 68
595 63
596 67
597 68
598 67
599 64
600 66
601 73
602 67
603 82
604 68
605 76
606 66
607 75
608 74
609 69
610 79
611 64
612 70
613 69
614 59
615 63
616 75
617 81
618 81
619 78
620 65
621 78
622 79
623 71
624 70
625 67
626 67
627 68
628 80
629 74
630 72
631 77
632 78
633 70
634 66
635 78
636 78
637 71
638 63
639 71
640 75
641 64
642 68
643 63
644 70
645 68
646 67
647 75
648 65
649 66
650 72
651 66
652 60
653 77
654 64
655 68
656 67
657 72
658 61
659 70
660 66
661 75
662 68
663 68
664 78
665 69
666 71
667 66
668 64
669 59
670 75
671 63
672 76
673 66
674 72
675 72
676 64
677 70
678 72
679 73
680 60
681 72
682 73
683 61
684 71
685 75
686 61
687 61
688 61
689 64
690 65
691 63
692 71
693 68
694 62
695 75
696 66
697 71
698 70
699 69
700 70
701 68
702 71
703 75
704 65
705 70
706 51
707 66
708 75
709 66
710 75
711 72
712 67
713 74
714 51
715 59
716 68
717 70
718 69
719 67
720 66
721 67
722 64
723 69
724 71
725 71
726 71
727 66
728 72
729 81
730 70
731 66
732 72
733 70
734 68
735 60
736 71
737 73
738 70
739 69
740 68
741 68
742 73
743 75
744 71
745 59
746 68
747 71
748 74
749 73
750 68
751 70
752 71
753 65
754 74
755 76
756 78
757 66
758 75
759 65
760 65
761 70
762 71
763 54
764 75
765 68
766 75
767 74
768 71
769 62
770 86
771 66
772 66
773 72
774 66
775 77
776 68
777 74
778 70
779 81
780 68
781 74
782 79
783 70
784 71
785 74
786 59
787 71
788 67
789 71
790 66
791 70
792 57
793 73
794 68
795 72
796 76
797 79
798 67
799 69
800 73
801 69
802 64
803 74
804 70
805 75
806 63
807 69
808 70
809 65
810 60
811 71
812 75
813 58
814 66
815 60
816 73
817 64
818 73
819 63
820 76
821 72
822 67
823 66
824 61
825 74
826 65
827 77
828 77
829 77
830 78
831 65
832 75
833 67
834 59
835 59
836 60
837 70
838 69
839 67
840 76
841 63
842 66
843 71
844 56
845 72
846 67
847 70
848 74
849 63
850 74
851 65
852 58
853 71
854 71
855 72
856 70
857 64
858 67
859 70
860 72
861 75
862 62
863 59
864 68
865 73
866 85
867 65
868 65
869 62
870 62
871 59
872 72
873 71
874 69
875 69
876 60
877 66
878 68
879 82
880 67
881 69
882 68
883 61
884 75
885 71
886 75
887 68
888 70
889 68
890 72
891 70
892 63
893 70
894 63
895 73
896 70
897 68
898 79
899 69
900 70
901 68
902 82
903 67
904 68
905 66
906 67
907 84
908 65
909 75
910 70
911 64
912 79
913 64
914 72
915 72
916 71
917 74
918 73
919 73
920 71
921 70
922 77
923 73
924 69
925 76
926 71
927 66
928 72
929 69
930 64
931 78
932 73
933 81
934 85
935 63
936 68
937 71
938 71
939 66
940 72
941 71
942 73
943 65
944 71
945 72
946 78
947 67
948 65
949 74
950 74
951 78
952 71
953 78
954 68
955 58
956 73
957 65
958 66
959 72
960 62
961 73
962 76
963 65
964 65
965 70
966 71
967 69
968 72
969 72
970 69
971 67
972 75
973 63
974 71
975 66
976 70
977 77
978 71
979 67
980 65
981 67
982 75
983 64
984 62
985 70
986 74
987 76
988 61
989 63
990 73
991 72
992 67
993 80
994 76
995 77
996 75
997 78
998 67
999 69
1000 71
1001 72
1002 73
1003 70
1004 68
1005 59
1006 67
1007 71
1008 64
1009 65
1010 72
1011 65
1012 73
1013 64
1014 69
1015 68
1016 72
1017 70
1018 61
1019 70
1020 68
1021 80
1022 72
1023 69
1024 67
1025 74
1026 68
1027 65
1028 68
1029 66
1030 69
1031 75
1032 79
1033 60
1034 73
1035 77
1036 79
1037 72
1038 81
1039 68
1040 80
1041 67
1042 67
1043 67
1044 64
1045 56
1046 70
1047 67
1048 69
1049 69
1050 70
1051 66
1052 64
1053 82
1054 69
1055 66
1056 74
1057 63
1058 72
1059 71
1060 81
1061 72
1062 77
1063 70
1064 72
1065 68
1066 77
1067 78
1068 70
1069 72
1070 71
1071 71
1072 65
1073 64
1074 71
1075 71
1076 69
1077 76
1078 68
1079 72
1080 77
1081 74
1082 63
1083 69
1084 69
1085 57
1086 78
1087 71
1088 76
1089 68
1090 68
1091 74
1092 75
1093 76
1094 77
1095 63
1096 72
1097 72
1098 76
1099 71
1100 69
1101 75
1102 65
1103 66
1104 70
1105 69
1106 68
1107 69
1108 74
1109 65
1110 76
1111 79
1112 66
1113 67
1114 64
1115 70
1116 65
1117 70
1118 75
1119 75
1120 68
1121 73
1122 78
1123 70
1124 68
1125 71
1126 75
1127 67
1128 71
1129 68
1130 71
1131 76
1132 68
1133 63
1134 74
1135 78
1136 69
1137 65
1138 76
1139 61
1140 73
1141 65
1142 70
1143 72
1144 68
1145 69
1146 75
1147 58
1148 62
1149 69
1150 76
1151 73
1152 71
1153 63
1154 67
1155 68
1156 76
1157 77
1158 63
1159 66
1160 76
1161 75
1162 66
1163 65
1164 71
1165 71
1166 66
1167 68
1168 65
1169 65
1170 64
1171 69
1172 64
1173 72
1174 71
1175 73
1176 72
1177 70
1178 75
1179 71
1180 79
1181 71
1182 74
1183 80
1184 75
1185 70
1186 70
1187 65
1188 74
1189 60
1190 65
1191 71
1192 65
1193 73
1194 80
1195 66
1196 60
1197 67
1198 69
1199 72
1200 73
1201 68
1202 78
1203 72
1204 81
1205 71
1206 73
1207 74
1208 63
1209 79
1210 68
1211 70
1212 67
1213 81
1214 75
1215 63
1216 60
1217 70
1218 70
1219 74
1220 62
1221 60
1222 73
1223 63
1224 75
1225 66
1226 74
1227 68
1228 64
1229 71
1230 70
1231 70
1232 72
1233 75
1234 74
1235 74
1236 72
1237 59
1238 62
1239 68
1240 68
1241 71
1242 69
1243 76
1244 68
1245 71
1246 78
1247 64
1248 66
1249 69
1250 67
1251 69
1252 73
1253 68
1254 75
1255 60
1256 60
1257 77
1258 74
1259 69
1260 70
1261 70
1262 65
1263 69
1264 60
1265 74
1266 68
1267 75
1268 67
1269 71
1270 77
1271 74
1272 69
1273 74
1274 68
1275 62
1276 72
1277 78
1278 59
1279 75
1280 70
1281 69
1282 66
1283 67
1284 70
1285 65
1286 72
1287 70
1288 70
1289 71
1290 73
1291 64
1292 75
1293 71
1294 74
1295 73
1296 70
1297 68
1298 78
1299 69
1300 75
1301 64
1302 75
1303 70
1304 65
1305 70
1306 73
1307 73
1308 77
1309 64
1310 76
1311 70
1312 72
1313 68
1314 74
1315 69
1316 71
1317 68
1318 77
1319 72
1320 64
1321 72
1322 68
1323 66
1324 70
1325 64
1326 67
1327 74
1328 68
1329 70
1330 75
1331 83
1332 74
1333 64
1334 69
1335 65
1336 61
1337 74
1338 80
1339 65
1340 67
1341 78
1342 65
1343 80
1344 74
1345 61
1346 69
1347 75
1348 70
1349 63
1350 68
1351 63
1352 71
1353 76
1354 76
1355 71
1356 70
1357 67
1358 69
1359 61
1360 77
1361 68
1362 64
1363 79
1364 67
1365 65
1366 68
1367 75
1368 66
1369 68
1370 67
1371 70
1372 60
1373 76
1374 76
1375 59
1376 67
1377 69
1378 66
1379 67
1380 66
1381 65
1382 64
1383 72
1384 69
1385 77
1386 70
1387 69
1388 69
1389 70
1390 72
1391 69
1392 69
1393 66
1394 66
1395 67
1396 68
1397 57
1398 70
1399 60
1400 71
1401 71
1402 70
1403 61
1404 76
1405 67
1406 69
1407 72
1408 78
1409 70
1410 74
1411 74
1412 73
1413 69
1414 65
1415 71
1416 74
1417 65
1418 68
1419 73
1420 69
1421 81
1422 61
1423 66
1424 68
1425 75
1426 73
1427 76
1428 76
1429 66
1430 72
1431 75
1432 66
1433 69
1434 71
1435 78
1436 84
1437 75
1438 68
1439 78
1440 68
1441 66
1442 79
1443 67
1444 73
1445 76
1446 74
1447 66
1448 75
1449 77
1450 61
1451 73
1452 69
1453 74
1454 72
1455 66
1456 72
1457 66
1458 61
1459 75
1460 81
1461 76
1462 74
1463 72
1464 72
1465 67
1466 63
1467 60
1468 70
1469 78
1470 78
1471 62
1472 70
1473 71
1474 66
1475 73
1476 68
1477 69
1478 65
1479 67
1480 65
1481 74
1482 73
1483 70
1484 69
1485 74
1486 71
1487 66
1488 76
1489 72
1490 72
1491 64
1492 76
1493 64
1494 61
1495 67
1496 67
1497 68
1498 69
1499 59
1500 69
1501 65
1502 64
1503 64
1504 64
1505 77
1506 72
1507 69
1508 73
1509 55
1510 73
1511 64
1512 70
1513 73
1514 74
1515 72
1516 72
1517 69
1518 63
1519 65
1520 69
1521 76
1522 67
1523 71
1524 62
1525 73
1526 73
1527 72
1528 67
1529 75
1530 64
1531 74
1532 76
1533 62
1534 79
1535 70
1536 76
1537 63
1538 59
1539 78
1540 74
1541 74
1542 60
1543 69
1544 67
1545 76
1546 66
1547 68
1548 72
1549 75
1550 70
1551 64
1552 79
1553 62
1554 65
1555 70
1556 70
1557 56
1558 72
1559 72
1560 75
1561 65
1562 63
1563 67
1564 61
1565 73
1566 68
1567 70
1568 66
1569 63
1570 72
1571 72
1572 66
1573 60
1574 67
1575 71
1576 71
1577 62
1578 70
1579 65
1580 70
1581 79
1582 73
1583 83
1584 59
1585 56
1586 64
1587 70
1588 74
1589 73
1590 63
1591 70
1592 57
1593 60
1594 66
1595 63
1596 80
1597 74
1598 78
1599 62
1600 66
1601 71
1602 78
1603 74
1604 74
1605 79
1606 70
1607 69
1608 74
1609 67
1610 67
1611 69
1612 75
1613 63
1614 70
1615 64
1616 71
1617 66
1618 71
1619 78
1620 71
1621 74
1622 67
1623 66
1624 72
1625 74
1626 74
1627 75
1628 72
1629 69
1630 82
1631 72
1632 73
1633 78
1634 61
1635 75
1636 66
1637 63
1638 65
1639 78
1640 76
1641 69
1642 64
1643 72
1644 74
1645 68
1646 72
1647 62
1648 72
1649 67
1650 65
1651 67
1652 59
1653 69
1654 79
1655 81
1656 72
1657 78
1658 66
1659 74
1660 67
1661 71
1662 72
1663 79
1664 71
1665 72
1666 77
1667 62
1668 70
1669 63
1670 66
1671 60
1672 61
1673 67
1674 75
1675 68
1676 78
1677 67
1678 62
1679 66
1680 63
1681 68
1682 64
1683 75
1684 71
1685 61
1686 70
1687 77
1688 71
1689 74
1690 72
1691 67
1692 65
1693 77
1694 71
1695 67
1696 69
1697 69
1698 71
1699 68
1700 60
1701 77
1702 72
1703 64
1704 61
1705 71
1706 67
1707 79
1708 77
1709 77
1710 73
1711 71
1712 76
1713 67
1714 68
1715 69
1716 72
1717 69
1718 76
1719 66
1720 66
1721 63
1722 77
1723 79
1724 74
1725 66
1726 72
1727 65
1728 60
1729 76
1730 73
1731 55
1732 65
1733 68
1734 75
1735 77
1736 67
1737 66
1738 72
1739 68
1740 74
1741 79
1742 71
1743 72
1744 72
1745 71
1746 70
1747 72
1748 59
1749 71
1750 73
1751 79
1752 65
1753 67
1754 77
1755 82
1756 64
1757 74
1758 67
1759 77
1760 71
1761 67
1762 76
1763 70
1764 72
1765 70
1766 70
1767 77
1768 75
1769 78
1770 67
1771 70
1772 66
1773 63
1774 62
1775 70
1776 65
1777 78
1778 78
1779 77
1780 72
1781 66
1782 68
1783 66
1784 74
1785 67
1786 70
1787 76
1788 80
1789 67
1790 67
1791 66
1792 69
1793 74
1794 64
1795 66
1796 75
1797 68
1798 69
1799 69
1800 64
1801 73
1802 69
1803 63
1804 69
1805 77
1806 76
1807 66
1808 66
1809 66
1810 76
1811 67
1812 72
1813 67
1814 63
1815 72
1816 67
1817 65
1818 69
1819 65
1820 72
1821 72
1822 78
1823 72
1824 68
1825 73
1826 66
1827 77
1828 67
1829 79
1830 67
1831 72
1832 70
1833 69
1834 73
1835 74
1836 67
1837 75
1838 67
1839 63
1840 78
1841 72
1842 77
1843 62
1844 70
1845 68
1846 70
1847 67
1848 72
1849 62
1850 71
1851 76
1852 77
1853 70
1854 68
1855 58
1856 62
1857 70
1858 75
1859 72
1860 68
1861 64
1862 72
1863 64
1864 80
1865 71
1866 76
1867 70
1868 72
1869 73
1870 71
1871 72
1872 79
1873 68
1874 76
1875 71
1876 66
1877 69
1878 71
1879 70
1880 65
1881 60
1882 64
1883 64
1884 62
1885 67
1886 63
1887 65
1888 72
1889 71
1890 62
1891 79
1892 59
1893 69
1894 72
1895 73
1896 77
1897 62
1898 72
1899 67
1900 71
1901 68
1902 57
1903 74
1904 74
1905 72
1906 67
1907 75
1908 75
1909 70
1910 69
1911 72
1912 84
1913 73
1914 66
1915 64
1916 65
1917 70
1918 64
1919 68
1920 70
1921 75
1922 74
1923 68
1924 76
1925 66
1926 78
1927 78
1928 83
1929 63
1930 72
1931 74
1932 62
1933 71
1934 69
1935 67
1936 77
1937 75
1938 74
1939 68
1940 67
1941 61
1942 74
1943 65
1944 67
1945 70
1946 69
1947 68
1948 62
1949 68
1950 72
1951 63
1952 67
1953 67
1954 84
1955 70
1956 66
1957 75
1958 68
1959 67
1960 69
1961 71
1962 60
1963 75
1964 68
1965 76
1966 82
1967 71
1968 75
1969 69
1970 71
1971 71
1972 74
1973 72
1974 77
1975 68
1976 71
1977 72
1978 73
1979 70
1980 70
1981 70
1982 67
1983 66
1984 71
1985 69
1986 62
1987 64
1988 71
1989 77
1990 71
1991 66
1992 65
1993 75
1994 66
1995 74
1996 75
1997 78
1998 71
1999 69
2000 69
2001 67
